000000000000000000000000000000000000000000000000000000000000000000000000000000000000000000000000000000000000000000000000
000000000000000000000000000000000000000000000000000000000000000000000000000000000000000000000000000000000000000000000000
000000000000000000000000000000000000000000000000000000000000000000000000000000000000000000000000000000000000000000000000
000000000000000000000000000000000000000000000000000000000000000000000000000000000000000000000000000000000000000000000000
000000000000000000000000000000000000000000000000000000000000000000000000000000000000000000000000000000000000000000000000
000000000000000000000000000000000000000000000000000000000000000000000000000000000000000000000000000000000000000000000000
000000000000000000000000000000000000000000000000000000000011111111000000000000000000000000000000000000000000000000000000
000000000000000000000000000000000000000000000000000111111111111111111111100000000000000000000000000000000000000000000000
000000000000000000000000000000000000000000000001111111111111111111111111111110000000000000000000000000000000000000000000
000000000000000000000000000000000000000000001111111111110000000000011111111111110000000000000000000000000000000000000000
000000000000000000000000000000000000000000111111111000000000000000000000011111111100000000000000000000000000000000000000
000000000000000000000000000000000000000111111110000000000000000000000000000001111111000000000000000000000000000000000000
000000000000000000000000000000000000001111110000000000000000000000000000000000001111110000000000000000000000000000000000
000000000000000000000000000000000000111111000000000000000000000000000000000000000011111100000000000000000000000000000000
000000000000000000000000000000000011111100000000000000000000000000000000000000000000111111000000000000000000000000000000
000000000000000000000000000000000111110000000000000000000000000000000000000000000000001111100000000000000000000000000000
000000000000000000000000000000011111000000000000000000000000000000000000000000000000000011111000000000000000000000000000
000000000000000000000000000000111110000000000000000000000000000000000000000000000000000001111100000000000000000000000000
000000000000000000000000000001111000000000000000000000000000000000000000000000000000000000011110000000000000000000000000
000000000000000000000000000111110000000000000000000000000000000000000000000000000000000000001111000000000000000000000000
000000000000000000000000001111100000000000000000000000000000000000000000000000000000000000000111100000000000000000000000
000000000000000000000000011110000000000000000000000000000000000000000000000000000000000000000011110000000000000000000000
000000000000000000000000111100000000000000000000000000000000000000000000000000000000000000000001111000000000000000000000
000000000000000000000001111000000000000000000000000000000000000000000000000000111111111000000000111100000000000000000000
000000000000000000000001110000000000001111111111000000000000000000000000000111111111111111100000011110000000000000000000
000000000000000000000011100000000001111111111111111000000000000000000000011111111111111111111000001111000000000000000000
000000000000000000000111100000000111111111111111111110000000000000000000111111000000000011111100000111100000000000000000
000000000000000000001111000000001111110000000000011111100000000000000011111000000000000000111111000011110000000000000000
000000000000000000001110000000111110000000000000000111110000000000000111110000000000000000001111100001110000000000000000
000000000000000000011100000001111100000000000000000001111000000000001111000000000000000000000011110000111000000000000000
000000000000000000111100000011110000000000000000000000111100000000011110000000000000000000000001111000111100000000000000
000000000000000000111000000111100000000000000000000000011110000000111100000000000000000000000000111000011100000000000000
000000000000000001110000000111000000000000000000000000001111000000111000000000000000000000000000011100001110000000000000
000000000000000011110000001110000000000111111111000000000111000001110000000000000000000000000000011110001110000000000000
000000000000000011100000011110000000011111111111110000000111100001110000000000000011110000000000001110000111000000000000
000000000000000111100000011100000000111111111111111100000011100011100000000000011111111110000000001110000111000000000000
000000000000000111000000011100000001111111111111111110000001110011100000000001111111111111100000000111000011100000000000
000000000000001111000000111000000011111111111111111111000001110011100000000011111111111111110000000111000011100000000000
000000000000001110000000111000000111111111111111111111000001110111000000000111111111111111111000000011000001110000000000
000000000000001110000000111000000111111111111111111111100000111111000000001111111111111111111100000011100001110000000000
000000000000011100000001110000001111111111111111111111100000111111000000011111111111111111111110000011100000111000000000
000000000000011100000001110000001111111111111111111111110000111111000000011111111111111111111110000011100000111000000000
000000000000011100000001110000001111111111111111111111110000111111000000111111111111111111111111000011100000111000000000
000000000000111000000001110000011111111111111111111111110000111111000000111111111111111111111111000011100000011100000000
000000000000111000000001110000011111111111111111111111110000111111000000111111111111111111111111000011100000011100000000
000000000000111000000001110000011111111111111111111111110000111111000000111111111111111111111111000011100000011100000000
000000000000110000000001110000011111111111111111111111110000111111000000111111111111111111111111000011100000011100000000
000000000001110000000000110000011111111111111111111111110000111111000000111111111111111111111111000011000000001110000000
000000000001110000000000111000001111111111111111111111110000110011000000111111111111111111111111000111000000001110000000
000000000001110000000000111000001111111111111111111111100001110011100000111111111111111111111111000111000000001110000000
000000000001110000000000111000001111111111111111111111100001110011100000111111111111111111111111001111000000001110000000
000000000001100000000000011100000111111111111111111111100011100001110000111111111111111111111111001110000000001110000000
000000000011100000000000011100000011111111111111111111000011100001110000011111111111111111111110011110000000001110000000
000000000011100000000000001110000011111111111111111110000111000000111000011111111111111111111110011100000000000110000000
000000000011100000000000001111000001111111111111111100001111000000111100001111111111111111111100111000000000000111000000
000000000011100000000000000111100000011111111111111000001110000000011110000111111111111111111001111000000000000111000000
000000000011100000000000000011110000001111111111100000011100000000001111000011111111111111110011110000000000000111000000
000000000011100000000000000001111000000000111100000001111000000000000111100000111111111111001111100000000000000111000000
000000000011100000000000000000111110000000000000000011110000000000000011111000001111111100011111000000000000000111000000
000000000011100000000000000000011111000000000000001111100000000000000001111111000000000011111100000000000000000111000000
000000000011100000000000000000001111111100000011111111000000000000000000011111111111111111111000000000000000000111000000
000000000011100000000000000000000011111111111111111100000000000000000000000111111111111111100000000000000000000111000000
000000000011100000000000000000000000011111111111110000000000000000000000000000111111111100000000000000000000000110000000
000000000011100000000000000000000000000001111000000000000000000000000000000000000000000000000000000000000000000110000000
000000000001100000000000000000000000000000000000000000000000000000000000000000000000000000000000000000000000001110000000
000000000001100000000000000000000000000000000000000000000000000000000000000000000000000000000000000000000000001110000000
000000000001110000000000000000000000000000000000000000000000000000000000000000000000000000000000000000000000001110000000
000000000001110000000000000000000000000000000000000000000000000000000000000000000000000000000000000000000000001110000000
000000000001110000000000000000000000000000000000000000000000000000000000000000000000000000000000000000000000001110000000
000000000001110000000000000000000000000000000000000000000000000000000000000000000000000000000000000000000000011100000000
000000000000111000000000000000000000000000000000000000000000000000000000000000000000000000000000000000000000011100000000
000000000000111000000000000000000000000000000000000000000000000000000000000000000000000000000000000000000000011100000000
000000000000111000000000000000000000000000000000000000000000000000000000000000011000000000000000000000000000011100000000
000000000000111000000000000000000000000000000000000000000000000000000000000001111100000000000000000000000000111000000000
000000000000011100000000000000000000000000000000000000000000000000000000000111111100000000000000000000000000111000000000
000000000000011100000000000000000000000000000000000000000000000000000001111111111000000000000000000000000000111000000000
000000000000001110000000000000000000000000000000000000000000000000000111111110111000000000000000000000000001110000000000
000000000000001110000000000000000000000000000000000000000000000001111111111000111000000000000000000000000001110000000000
000000000000001110000000000000000000000000000000000000011111111111111110000001110000000000000000000000000011100000000000
000000000000000111000000000000000000000000000000000001111111111111111000000001110000000000000000000000000011100000000000
000000000000000111000000000000000000000000000000000001111111111100000000000001110000000000000000000000000111100000000000
000000000000000011100000000000000000000000000000000000111110000000000000000001110000000000000000000000000111000000000000
000000000000000011100000000000000000000000000000000000011111000000000000000001100000000000000000000000001111000000000000
000000000000000001110000000000000000000000000000000000000111100000000000000011100000000000000000000000001110000000000000
000000000000000001111000000000000000000000000000000000000011110000000000000011100000000000000000000000011100000000000000
000000000000000000111000000000000000000000000000000000000001111000000000000011100000000000000000000000111100000000000000
000000000000000000011100000000000000000000000000000000000000111100000000000111000000000000000000000000111000000000000000
000000000000000000011110000000000000000000000000000000000000011110000000000111000000000000000000000001111000000000000000
000000000000000000001111000000000000000000000000000000000000001110000000000111000000000000000000000011110000000000000000
000000000000000000000111000000000000000000000000000000000000000111000000000111000000000000000000000011100000000000000000
000000000000000000000111100000000000000000000000000000000000000111100000001110000000000000000000000111000000000000000000
000000000000000000000011110000000000000000000000000000000000000011110000001110000000000000000000001110000000000000000000
000000000000000000000001111000000000000000000000000000000000000001111000001110000000000000000000011110000000000000000000
000000000000000000000000111100000000000000000000000000000000000000111100001110000000000000000000111100000000000000000000
000000000000000000000000011110000000000000000000000000000000000000011110001100000000000000000001111000000000000000000000
000000000000000000000000001111000000000000000000000000000000000000001110001100000000000000000011110000000000000000000000
000000000000000000000000000111100000000000000000000000000000000000000111001100000000000000001111100000000000000000000000
000000000000000000000000000011111000000000000000000000000000000000000111111100000000000000011111000000000000000000000000
000000000000000000000000000001111100000000000000000000000000000000000011111100000000000000111100000000000000000000000000
000000000000000000000000000000011111000000000000000000000000000000000001111100000000000011111000000000000000000000000000
000000000000000000000000000000001111100000000000000000000000000000000000111100000000001111110000000000000000000000000000
000000000000000000000000000000000011111000000000000000000000000000000000111100000000011111000000000000000000000000000000
000000000000000000000000000000000001111110000000000000000000000000000000011100000001111110000000000000000000000000000000
000000000000000000000000000000000000011111100000000000000000000000000000011100001111111000000000000000000000000000000000
000000000000000000000000000000000000000111111100000000000000000000000000001000111111100000000000000000000000000000000000
000000000000000000000000000000000000000001111111100000000000000000000000001111111110000000000000000000000000000000000000
000000000000000000000000000000000000000000011111111111000000000000000011111111110000000000000000000000000000000000000000
000000000000000000000000000000000000000000000011111111111111111111111111111111000000000000000000000000000000000000000000
000000000000000000000000000000000000000000000000001111111111111111111111110000000000000000000000000000000000000000000000
000000000000000000000000000000000000000000000000000000011111111111111000000000000000000000000000000000000000000000000000
000000000000000000000000000000000000000000000000000000000000000000000000000000000000000000000000000000000000000000000000
000000000000000000000000000000000000000000000000000000000000000000000000000000000000000000000000000000000000000000000000
000000000000000000000000000000000000000000000000000000000000000000000000000000000000000000000000000000000000000000000000
000000000000000000000000000000000000000000000000000000000000000000000000000000000000000000000000000000000000000000000000
000000000000000000000000000000000000000000000000000000000000000000000000000000000000000000000000000000000000000000000000
000000000000000000000000000000000000000000000000000000000000000000000000000000000000000000000000000000000000000000000000
000000000000000000000000000000010000000000000000000000000000000000000000000000000000000000000000000000000000000000000000
000000000000000000000000000000110001000000000000000000000000000000000000100000000000000000000000000000000000000000000000
000000000001111111111111100000110001000000000000000000000000000000000000100000000000000000000000000000000000000000000000
000000000000000000000000100000100001000000000000000000000011111100000000100000000000000000000111111111111110000000000000
000000000000000000000000110000100001000000000000000000000011111110000000100000000000000000000111111111111111100000000000
000000000000000000000000110000100011000000000000000000000000000110000000100000000000000000000000000000000001100000000000
000000000000000000000000110000100011000000000000000000000000000110000000100000000000000000000000000000000000100000000000
000000000000000000000000110000110011000000000000000000000000000110000000100000000000000000000000000000000000100000000000
000000000000000000000000110000111111000000000000000000000000000110000000100000000000000000000000000000000000100000000000
000000000000000000000000110000110011000000000000000000000011111100000000100000000000000000000000000000000000100000000000
000000000000000000000001100000100011000000000000000000000111110000000000100000000000000000000000000000000000100000000000
000000000000000000000001100000100011000000000000000000001100000000001111100000000000000000000000000000000000100000000000
000000000000000000000011000000100011000000000000000000001100000000111100100000000000000000000000000000000000100000000000
000000000000000000000011000000100011000000000000000000001000000000000000100000000000000000000000000000000000100000000000
000000000000000000000010000000100010000000000000000000001000000000000000100000000000000000000000000000000000100000000000
000000000000000000000110000000100000000000000000000000001100000000000000100000000000000000000000000000000000100000000000
000000000000000000011100000000000000000000000000000000001111111100000000100000000000000000000000000000000000100000000000
000000000000000000000000000000000000000000000000000000000011111000000000100000000000000000000000000000000000100000000000
000000000000000000000000000000000000000000000000000000000000000000000000100000000000000000000000000000000000000000000000
000000000000000000000000000000000000000000000000000000000000000000000000100000000000000000000000000000000000000000000000
000000000000000000000111111111100000000000000000000000000000000000000000100000000000000000000000000000000000000000000000
000000000000000000000111000001100000000000000000000000000000000000000000100000000000000000000000000000000000000000000000
000000000000000000000000000001100000000000000000000000000000000000000000100000000000000000011111111111111000000000000000
000000000000000000000000000111000000000000000000000000000000000000000000100000000000000000111111111111111111111100000000
000000000000000000000001111100000000000000000000000000000000000000000000100000000000000000000000000000000000000000000000
000000000000000000000011110000000000000000000000000000000000000000000000100000000000000000000000000000000000000000000000
000000000000000000000010000000000000000000000000000000000000000000000000100000000000000000000000000000000000000000000000
000000000000000000000011111111100000000000000000000000000000000000000000000000000000000000000000000000000000000000000000
000000000000000000000000011111100000000000000000000000000000000000000000000000000000000000000000000000000000000000000000
000000000000000000000000000000000000000000000000000000000000000000000000000000000000000000000000000000000000000000000000
000000000000000000000000000000000000000000000000000000000000000000000000000000000000000000000000000000000000000000000000
000000000000000000000000000000000000000000000000000000000000000000000000000000000000000000000000000000000000000000000000
000000000000000000000000000000000000000000000000000000000000000000000000000000000000000000000000000000000000000000000000
000000000000000000000000000000000000000000000000000000000000000000000000000000000000000000000000000000000000000000000000
000000000000000000000000000000000000000000000000000000000000000000000000000000000000000000000000000000000000000000000000
000000000000000000000000000000000000000000000000000000000000000000000000000000000000000000000000000000000000000000000000


w = 120 h = 120
